0.6842051148414612
0.6064221560955048
0.4993796944618225
0.29950107634067535
0.19174324721097946
0.1696695014834404
0.14244407415390015
0.15629878640174866
0.12880833819508553
0.09220866486430168
0.10126637294888496
0.08791811391711235
0.08347946964204311
0.0655207522213459
0.07498744875192642
0.059330981224775314
0.07915659621357918
0.06838614121079445
0.07031605765223503
0.05388558283448219
0.03905249759554863
0.05333499610424042
0.07136311382055283
0.058813368901610374
0.06733294203877449
0.057890430092811584
0.04843118414282799
0.0646098405122757
0.047841982915997505
0.05110602453351021
0.05258333869278431
0.052534013986587524
0.050007978454232216
0.06044556945562363
0.042757391929626465
0.03393411822617054
0.04437778517603874
0.04051855206489563
0.04173387959599495
0.04739111289381981
0.041766462847590446
0.030096055939793587
0.03558535501360893
0.03058854304254055
0.02950703538954258
0.047280579805374146
0.03956272080540657
0.039541011676192284
0.03170587308704853
0.034986359998583794
